8 大兴安岭 5 1504
12 黑河 5 3441
15 齐齐哈尔 5 3480
21 大庆 4 2842
18 绥化 5 3053
13 伊春 5 861
17 鹤岗 5 1786
24 哈尔滨 2 148
29 牡丹江 5 3540
16 佳木斯 5 2447
20 双鸭山 5 2964
27 七台河 5 2631
25 鸡西 5 3520

26 白城 5 3505
34 松原 5 5182
44 四平 5 2999
36 长春 2 3114
40 吉林 4 3183
42 辽源 5 2050
51 通化 5 64
54 白山 5 1735
41 延吉 5 3570

62 朝阳 5 1530
72 葫芦岛 5 3615
53 阜新 5 359
64 锦州 4 1936
69 盘锦 4 1813
75 营口 4 3622
83 大连 2 2647
66 鞍山 4 1335
67 辽阳 5 2706
50 沈阳 2 2805
73 丹东 4 3630
65 本溪 5 951
60 抚顺 5 833
48 铁岭 5 3580

78 秦皇岛 4 1104
79 唐山 3 3111
59 承德 4 1498
63 张家口 4 2482
85 保定 2 1262
90 廊坊 3 2406
96 沧州 3 3664
103 衡水 4 2497
98 石家庄 2 972
113 邢台 3 2071
128 邯郸 3 3689

74 北京 0 1301

82 天津 1 3643

106 滨州 4 2381
108 东营 4 1986
110 德州 3 2487
111 烟台 2 2781
115 威海 3 2599
118 潍坊 2 3687
119 济南 2 2178
123 淄博 3 1375
126 青岛 1 3700
130 聊城 3 770
134 泰安 3 3261
138 临沂 2 1919
143 日照 4 167
144 济宁 3 1680
145 菏泽 3 1412
158 枣庄 4 1642

168 徐州 2 3091
163 连云港 3 1931
181 宿迁 3 1415
187 淮安 3 3761
176 盐城 3 2610
197 扬州 3 3068
200 泰州 3 1300
205 南通 2 3804
213 镇江 3 2634
214 南京 1 2957
215 常州 2 2671
219 无锡 2 3216
216 苏州 1 3821

228 上海 0 3285 
221 崇明 4 1271

235 湖州 3 2026
237 嘉兴 2 3840
248 杭州 1 3321
258 绍兴 2 3370
255 宁波 1 3319
256 舟山 4 4282
273 衢州 4 11
268 金华 2 3888
276 台州 3 1618
285 丽水 4 2524
289 温州 2 3929

293 南平 4 2992
306 宁德 3 3315
313 三明 4 1005
319 福州 2 2910
330 莆田 3 4024
328 泉州 2 2627
327 龙岩 4 4042
336 漳州 3 4078
343 厦门 2 4061
526 连江 5 5092

137 濮阳 4 3331
135 安阳 3 1507
179 鹤壁 5 3710
146 新乡 3 2879
159 焦作 4 3190
167 郑州 1 816
165 开封 3 3734
169 商丘 3 1336
160 济源 3 1817
164 三门峡 5 2132
166 洛阳 3 3738
177 平顶山 4 395
178 许昌 3 3748
184 周口 3 2650
180 漯河 4 3350
192 南阳 3 1225
194 驻马店 3 447
206 信阳 3 2095

172 宿州 3 3364
185 淮北 4 1604
196 蚌埠 3 2773
186 亳州 4 2622
173 淮南 4 3777
193 阜阳 3 1473
199 滁州 3 2323
207 合肥 1 3163
203 六安 3 3362
212 马鞍山 4 3780
230 芜湖 3 700
231 铜陵 4 3836
233 安庆 3 1730
242 池州 5 2246
232 宣城 4 1235
249 黄山 4 1561

266 九江 3 1060
281 南昌 2 2101
262 景德镇 4 3873
269 上饶 3 3908
288 鹰潭 5 1748
292 抚州 4 2996
282 宜春 3 3102
298 新余 5 1516
301 萍乡 5 2700
302 吉安 4 3962
312 赣州 3 1789

198 十堰 4 3059
218 神农架 5 919
208 襄阳 3 3240
210 随州 5 2011
225 荆门 5 2267
220 孝感 4 1435
251 天门 5 3917
247 潜江 5 739
250 仙桃 5 2117
246 武汉 1 2141
226 黄冈 4 1830
254 鄂州 4 3736
257 黄石 4 3853
259 咸宁 4 3852
244 荆州 3 3851
224 宜昌 3 3835
240 恩施 4 874

260 常德 4 3871
264 张家界 5 1955
265 岳阳 3 1836
271 湘西 5 2982
284 怀化 4 2987
272 益阳 4 3069
287 长沙 1 1657
296 娄底 4 3937
299 湘潭 4 1264·
300 株洲 3 3948
305 邵阳 4 2202
308 衡阳 3 3966
315 永州 4 3996
316 郴州 4 3170

342 梅州 4 4092
353 潮州 3 2815
360 汕头 3 2251
359 揭阳 3 2495
364 汕尾 4 964
345 河源 4 4117
355 惠州 2 2144
332 韶关 4 4059
335 清远 3 4114
357 广州 0 394
369 东莞 1 1352
371 深圳 0 4177
351 肇庆 3 4144
363 佛山 1 2016
367 云浮 5 4162
372 中山 2 4180
379 珠海 2 4193
370 江门 3 2875
375 阳江 4 2418
374 茂名 4 4210
384 湛江 3 1790

324 桂林 3 4058
337 贺州 5 1540
350 梧州 4 2759
326 柳州 3 3211
349 来宾 5 3185
356 贵港 5 2221
368 玉林 4 1970
331 河池 5 4066
354 南宁 2 1396
373 钦州 5 2062
383 北海 4 3217
339 百色 4 615
366 崇左 5 3078
380 防城港 5 4206

377 香港 0 4291

381 澳门 1 2724

77 大同 4 920
80 朔州 5 1075
87 忻州 5 3661
99 吕梁 4 2510
104 太原 2 1975
94 阳泉 5 241
109 晋中 4 2891
125 长治 4 1545
131 临汾 4 3298
142 晋城 4 3181
148 运城 3 3721

89 榆林 4 1928
116 延安 5 680
154 铜川 5 2632
147 渭南 3 238
157 咸阳 3 3248
162 宝鸡 4 880
170 西安 1 1809
175 商洛 5 3004
191 安康 5 3782
190 汉中 4 2961

238 重庆 1 3850

280 遵义 3 1631
283 铜仁 4 1771
307 凯里 4 3273
309 都匀 4 4009
311 贵阳 2 3138
304 毕节 4 103
320 安顺 4 1885
317 六盘水 5 2703
325 兴义 5 2064

105 石嘴山 5 2792
97 银川 3 474
107 吴忠 5 1992
112 中卫 5 586
132 固原 5 160

55 酒泉 5 915
31 嘉峪关 5 4184
86 张掖 5 1252
95 金昌 5 1743
91 武威 5 3673
114 白银 5 787
129 兰州 2 2779
140 临夏 5 2269
155 合作 5 390
141 定西 5 3708
149 平凉 5 2710
122 庆阳 5 1387
161 天水 5 679
174 陇南 5 1775

202 广元 5 2772
204 巴中 5 2039
211 达州 4 1851
217 南充 4 3837
241 广安 5 1038
201 绵阳 3 2945
234 遂宁 5 3297
223 德阳 4 2372
243 资阳 5 3844
229 成都 1 692
253 眉山 4 2325
261 内江 4 3864
270 自贡 5 3115
263 乐山 4 3857
278 宜宾 4 1151
275 泸州 4 3344
239 雅安 5 1559
277 西昌 5 2146
310 攀枝花 5 2454
188 康定 5 1255
183 马尔康 5 2346

286 昭通 5 2540
314 曲靖 4 2620
323 昆明 2 1675
346 蒙自 4 3082
347 文山 5 4124
341 玉溪 5 1433
321 楚雄 5 4037
344 普洱 5 4163
376 景洪 5 2111
340 临沧 5 2972
333 潞西 5 2319
329 保山 5 2754
318 大理 4 1363
295 泸水 5 4005
303 丽江 5 1399
279 香格里拉 5 1766

388 海口 3 4225
385 儋州 5 3207
391 三亚 3 2776
387 东方 5 759

92 德令哈 5 308
136 玉树 5 703
152 玛沁 5 3275
120 共和 5 562
139 同仁 5 1956
124 海东 5 3691
117 西宁 4 1990
93 海晏 5 930

151 噶尔 5 305
133 那曲 5 3819
222 日喀则 5 2287
236 拉萨 4 1480
267 乃东 5 214
435 达旺 5 1929
245 林芝 5 3849
209 昌都 5 2383

88 和田 5 1926
81 喀什 4 1888
70 阿图什 5 1208
58 阿克苏 5 2240
47 库尔勒 5 942
39 伊宁 5 1536
35 博乐 5 421
22 塔城 5 804
84 克拉玛依 5 322
32 昌吉 5 1568
45 乌鲁木齐 3 3559
14 阿勒泰 5 542
38 哈密 5 1973
46 吐鲁番 5 145

56 阿拉善 5 2254
43 乌海 5 4138
61 巴彦淖尔 5 108
76 鄂尔多斯 4 1641
57 包头 4 3603
71 呼和浩特 3 1113
49 乌兰察布 5 3236
23 锡林浩特 5 1116
37 赤峰 4 416
30 通辽 5 1757
19 乌兰浩特 5 2277
9 呼伦贝尔 5 2680

334 台北 2 4957
506 新北 2 472
507 桃园 4 507
338 新竹 5 4958
508 苗栗 5 2985
348 台中 3 3294
505 宜兰 5 4954
352 花莲 5 4107
509 南投 5 4960
510 彰化 5 4959
512 云林 5 2854
511 嘉义 5 4964
358 台南 4 2918
361 高雄 3 1899
513 屏东 5 4965
362 台东 5 4170
524 澎湖 5 5089
525 金门 5 5090
