STEEL
HEB 240
79 180
128 60

JIS 120 
216 30
219 20
215 20
168 30
176 20

LIN 72
66 36
75 18
65 18

SHD 64
119 24
143 24
106 8
126 4
118 4

SHX 60
104 36
131 12
148 12

HUB 36
246 24
254 12

HEN 32
180 16
160 8
206 8

GUD 32
357 16
279 16

ANH 32
207 16
212 16

SIC 28
229 12
310 16

GUX 28
326 16
356 12

NMG 28
57 16
49 12

JIX 24
281 12
298 8
301 4

FUJ 24
313 16
327 8

YUN 20
323 8
318 4
314 4

TAW
361 16

SHH 16
228 16

SAX 16
147 8
190 8

JIL 12
51 12

ZHJ 12
248 8
255 4

XIJ 12
45 12

CHQ 8
238 8

HLJ 8
20 8

GAS 8
55 8

GUZ 4
317 4

NIX 4
112 4

QIH 0
BEJ 0
HAN 0

