1 108 
1 145 
1 148 
1 308 
1 394 
1 416 
1 429 
1 474 
1 615 
1 679 
1 680 
1 692 
1 759 
1 816 
1 915 
1 920 
1 972 
1 1000 
1 1005 
1 1113 
1 1151 
1 1252 
1 1301 
1 1336 
1 1363 
1 1396 
1 1473 
1 1480 
1 1530 
1 1657 
1 1675 
1 1723 
1 1735 
1 1746 
1 1757 
1 1789 
1 1809 
1 1836 
1 1919 
1 1926 
1 1973 
1 1975 
1 1986 
1 1990 
1 2095 
1 2101 
1 2141 
1 2144 
1 2146 
1 2178 
1 2240 
1 2251 
1 2277 
1 2447 
1 2482 
1 2610 
1 2724 
1 2759 
1 2773 
1 2779 
1 2805 
1 2842 
1 2864 
1 2901 
1 2910 
1 2945 
1 2957 
1 2961 
1 3028 
1 3059 
1 3091 
1 3105 
1 3114 
1 3138 
1 3162 
1 3163 
1 3181 
1 3240 
1 3285 
1 3298 
1 3315 
1 3321 
1 3353 
1 3441 
1 3480 
1 3505 
1 3540 
1 3559 
1 3572 
1 3603 
1 3643 
1 3689 
1 3738 
1 3748 
1 3835 
1 3847 
1 3850 
1 3851 
1 3857 
1 3871 
1 3888 
1 3908 
1 3937 
1 3966 
1 4058 
1 4114 
1 4144 
1 4163 
1 4177 
1 4184 
1 4210 
1 4225 
1 4291 
1 4957 
